5101
6101
5102
6102
5103
6103
5104
6104
5105
6105
5106
6106
6107
6108
5109
6109
5110
6110
5250
6250
5251
6251
5255
6255
5257
6257
5258
6258
5401
6401
5402
6402
5403
6403
6404
5405
5651
6651
5652
6652
5653
6653
5654
6654
5656
6656
5932
6932
1201
1202
1203
1204
1208
1209
1410
1411
1503
1504
1505
1506
1553
1660
1661
1662
1918
1919
2201
2202
2203
2204
2208
2209
2410
2411
2503
2504
2505
2506
2553
2660
2661
2662
2918
2919
3201
3202
3211
3503
3553
5201
5202
5208
5209
5210
5410
5411
5412
5413
5503
5553
5555
5556
5660
5661
5662
5918
5919
5921
6201
6202
6208
6209
6210
6410
6411
6412
6413
6503
6553
6555
6556
6660
6661
6662
6918
6919
6921
7201
7202
7210
7211
7553
7556